P_ex_end_test_points_saved(:,:,1,1) = [...
    4.0300   7.4100   9.8100  11.4500  12.4700  12.9500
    1.1300   4.1100   7.9100  12.1000  16.4900  20.9600
    0.0000   0.0000   0.0000   0.0000   0.0000   0.0000
    ];

P_ex_end_test_points_saved(:,:,2,1) = [...
    3.3400   6.3400   8.5700  10.1200  11.1000  11.5600
    2.3400   4.9800   8.5200  12.5100  16.7200  21.0300
    4.5000   4.5000   4.5000   4.5000   4.5000   4.5000
    ];

P_ex_end_test_points_saved(:,:,3,1) = [...
    NaN   3.3700   5.1300   6.4600   7.3200     NaN
    NaN   7.4000  10.2100  13.6200  17.3500     NaN
    NaN   7.5000   7.5000   7.5000   7.5000     NaN
    ];

P_ex_end_test_points2_saved(:,:,1,1) = [...
    3.5312   6.6351   8.9130  10.4936  11.4837  11.9513
    1.9967   4.7421   8.3521  12.3920  16.6551  21.0107
    0.0000   0.0000   0.0000   0.0000   0.0000   0.0000
    ];

P_ex_end_test_points2_saved(:,:,2,1) = [...
    2.9261   5.6985   7.8289   9.3296  10.2834  10.7348
    3.0552   5.5014   8.8857  12.7508  16.8554  21.0746
    3.9368   3.9373   3.9370   3.9367   3.9389   3.9369
    ];

P_ex_end_test_points2_saved(:,:,3,1) = [...
    NaN   3.1000   4.8179   6.1268   6.9767     NaN
    NaN   7.6195  10.3635  13.7215  17.4070     NaN
    NaN   6.5625   6.5624   6.5626   6.5625     NaN
    ];

intersection_output_set(:,:,1,1) = [...
    3.6213   7.1895  10.0135  11.6754  12.4472  12.8799
    0.9642   3.8736   8.3653  12.9146  16.3995  19.9896
    0.8737   0.6117   0.4714  -0.3539   0.3061  -0.3621
    ];

intersection_output_set(:,:,2,1) = [...
    3.9637   6.1195   8.6324   9.5793  11.5937  11.4477
    2.6104   4.7634   8.4503  11.5193  17.1192  20.6653
    4.3502   4.5428   4.3653   4.7971   3.8056   4.6394
    ];

intersection_output_set(:,:,3,1) = [...
    NaN   2.8739   4.8495   6.4041   7.7779     NaN
    NaN   7.0427   9.7549  13.9700  17.3500     NaN
    NaN   7.5509   7.5157   7.5544   7.3181     NaN
    ];

intersection_output_set(:,:,1,2) = [...
    4.4788   7.2655  10.1477  11.4250  12.2860  12.9359
    1.4550   3.9459   8.6261  12.0534  16.0962  20.7454
    -0.7916   0.4374  -0.1169   0.3551   1.3387  -0.1562
    ];

intersection_output_set(:,:,2,2) = [...
    4.3293   6.0328   8.2798  10.0922  11.7949  11.8241
    2.7671   4.9273   8.7685  12.3618  17.2689  20.6522
    4.2160   4.7827   4.9969   4.4805   3.4594   4.0589
    ];

intersection_output_set(:,:,3,2) = [...
    NaN   2.4982   5.1985   5.7848   8.0912     NaN
    NaN   7.0332   9.8405  12.9695  17.8286     NaN
    NaN   7.6390   7.4116   7.6494   7.2094     NaN
    ];

intersection_output_set(:,:,1,3) = [...
    3.9322   7.5165   9.8419  11.3365  12.4973  12.9779
    1.1353   4.2395   8.0023  11.7454  16.8729  21.6660
    -0.8968  -0.2270   0.4502   0.1064  -0.7204  -0.0605
    ];

intersection_output_set(:,:,2,3) = [...
    4.5453   6.7671   9.7179  10.6244  10.2410  11.8815
    3.0666   5.2519   9.8784  13.6026  16.6467  20.3421
    4.3805   4.2414   3.6677   4.2169   5.5332   3.9251
    ];

intersection_output_set(:,:,3,3) = [...
    NaN   3.3417   5.0811   6.2973   6.8667     NaN
    NaN   7.2770  10.7523  13.3246  17.7263     NaN
    NaN   7.4785   7.5970   7.5240   7.6704     NaN
    ];

intersection_output_set(:,:,1,4) = [...
    3.7742   7.5347   9.7112  11.5350  12.4273  12.9379
    1.0216   4.2667   7.7376  12.4169  16.2755  21.5987
    -0.6604  -0.3078   0.4491   0.3297   0.2705  -0.7782
    ];

intersection_output_set(:,:,2,4) = [...
    4.1033   6.1993   9.4501  10.5703  10.8869  11.8645
    2.5136   4.8621   9.7761  12.8287  16.6892  22.3525
    4.0946   4.5467   4.0466   3.9586   4.7902   4.0996
    ];

intersection_output_set(:,:,3,4) = [...
    NaN   2.7422   5.6099   6.1386   7.1645     NaN
    NaN   7.1970   9.9502  13.2931  17.0730     NaN
    NaN   7.6184   7.2741   7.5736   7.5399     NaN
    ];

intersection_output_set(:,:,1,5) = [...
    4.8553   7.6748   9.5773  11.2642  12.4681  12.9591
    1.6685   4.4440   7.4494  11.5181  16.4894  21.5898
    -0.2331  -0.2791   0.1215   0.0202  -0.0590   0.5128
    ];

intersection_output_set(:,:,2,5) = [...
    3.6025   6.0890   8.7526   9.8105  11.3645  11.8131
    2.7575   5.1624   9.3535  12.2163  16.9491  21.0016
    4.8119   4.9226   4.7619   4.7970   4.1545   4.1097
    ];

intersection_output_set(:,:,3,5) = [...
    NaN   3.8819   5.6220   7.0345   7.2059     NaN
    NaN   7.7777  10.5271  12.9914  16.7615     NaN
    NaN   7.4324   7.3781   7.1829   7.5051     NaN
    ];

intersection_output_set(:,:,1,6) = [...
    4.1667   7.1199   9.7830  11.1741  12.4812  12.9729
    1.2397   3.7952   7.9000  11.2457  16.7570  22.2371
    -0.6007   0.6378   0.5746   0.0134  -0.6960  -0.5643
    ];

intersection_output_set(:,:,2,6) = [...
    4.7544   6.3006   8.1995  10.1885  10.5828  11.1248
    3.0250   4.9243   7.5930  12.7630  16.3240  20.4384
    4.1190   4.4905   4.3472   4.5155   5.0915   5.0441
    ];

intersection_output_set(:,:,3,6) = [...
    NaN   3.6129   4.4815   5.6710   8.6270     NaN
    NaN   7.6778   9.3789  13.3563  17.5296     NaN
    NaN   7.4925   7.5662   7.7160   6.9036     NaN
    ];

intersection_output_set(:,:,1,7) = [...
    3.7312   7.3262  10.0416  11.3278  12.4599  12.9229
    0.9688   4.0003   8.3949  11.7163  16.4990  20.5489
    -0.1275   0.0345   0.1208   0.0560  -0.3980  -0.2226
    ];

intersection_output_set(:,:,2,7) = [...
    3.8129   6.9738   8.7585   9.9236  11.3027  11.6466
    2.3900   5.4281   9.2900  11.8815  16.7775  21.3099
    4.1918   4.1447   4.7192   4.5024   4.2094   4.3975
    ];

intersection_output_set(:,:,3,7) = [...
    NaN   3.9004   5.3015   6.7344   6.7204     NaN
    NaN   7.6148  10.7392  14.1502  17.5803     NaN
    NaN   7.3869   7.5260   7.4556   7.7053     NaN
    ];

intersection_output_set(:,:,1,8) = [...
    3.5198   7.0419  10.0202  11.9027  12.3723  12.8850
    0.9105   3.6707   8.4046  13.7604  16.0651  20.0178
    0.8569   0.2076   0.6247  -0.1865   0.5974   0.2889
    ];

intersection_output_set(:,:,2,8) = [...
    4.1804   6.2207   9.0831   9.5301  11.4395  11.6765
    2.7163   4.9958   9.3862  11.9791  16.9646  20.9501
    4.2909   4.6446   4.3450   5.0453   4.0343   4.3253
    ];

intersection_output_set(:,:,3,8) = [...
    NaN   2.8093   5.0914   5.8461   6.5676     NaN
    NaN   7.1692  10.5524  13.9505  16.9211     NaN
    NaN   7.5962   7.5653   7.7186   7.7158     NaN
    ];

intersection_output_set(:,:,1,9) = [...
    3.2619   7.6908  10.0475  11.5359  12.4465  12.9289
    0.8592   4.4635   8.4908  12.4183  16.3614  20.6009
    1.3342  -0.2571   0.7562  -0.3178  -0.0601  -0.0552
    ];

intersection_output_set(:,:,2,9) = [...
    4.4905   6.5722   8.0272   9.9039  11.6383  11.0924
    2.9263   5.1772   7.9431  11.6929  16.8842  20.3246
    4.2620   4.4102   4.8033   4.4419   3.6531   5.0742
    ];

intersection_output_set(:,:,3,9) = [...
    NaN   3.6557   4.6708   6.8161   7.3129     NaN
    NaN   7.3824   9.8343  13.7566  17.3889     NaN
    NaN   7.4086   7.5840   7.3800   7.5063     NaN
    ];

intersection_output_set(:,:,1,10) = [...
    4.5852   7.5222   9.8777  11.4342  12.3922  12.9899
    1.6159   4.2471   8.0850  12.0573  16.0786  22.1730
    -1.3479  -0.2391  -0.5133   0.0517   0.2859   0.1646
    ];

intersection_output_set(:,:,2,10) = [...
    2.6240   6.5814   7.5641  10.3870  11.1020  11.3391
    1.6324   4.9417   7.9365  12.1349  16.8261  20.0044
    4.0110   4.1689   5.2988   3.9150   4.5254   4.7268
    ];

intersection_output_set(:,:,3,10) = [...
    NaN   3.7021   5.5560   6.6657   7.0914     NaN
    NaN   7.5471  11.1270  12.6584  17.0909     NaN
    NaN   7.4346   7.4983   7.2982   7.5661     NaN
    ];

